9
14
6
6
9
14
2
4
8
13
18
5
6
-2
3
13
5
9
21
12
8
11
9
5
4
10
2
12
20
12
6
1
5
6
9
1
2
21
18
11
5
3
15
12
8
8
1
4
4
19
7
9
13
19
5
11
4
8
3
13
8
10
19
7
2
18
7
9
9
4
3
6
12
4
10
17
11
8
17
9
12
13
12
11
9
19
6
7
9
9
10
6
15
6
4
17
2
6
13
5
11
2
9
11
1
13
12
7
17
17
6
-2
1
8
6
16
12
4
4
9
8
16
7
6
4
8
15
5
12
8
-1
17
12
18
8
9
17
3
2
6
0
11
9
0
5
6
9
1
12
3
3
4
11
12
17
16
10
17
16
10
7
3
14
5
11
14
4
10
22
7
11
16
9
15
7
9
0
9
5
3
4
18
6
8
6
5
5
15
8
18
11
10
12
11
17
9
9
12
3
13
5
1
14
12
2
3
8
0
22
12
15
6
7
2
5
11
9
14
-1
7
13
8
14
9
5
3
2
3
9
4
10
13
11
15
12
2
6
20
11
3
4
5
4
5
1
14
3
14
16
6
8
1
7
12
7
15
13
15
16
12
15
7
4
8
8
14
5
7
8
9
7
3
13
12
12
14
18
11
9
4
10
12
4
8
6
10
11
4
8
6
3
2
3
12
8
13
7
7
0
1
4
5
