<DATE>,<TIME>,<OPEN>,<HIGH>,<LOW>,<CLOSE>,<VOL>
31/05/99,000000,548.0000000,553.0000000,495.0000000,550.0000000,10744
07/06/99,000000,558.0000000,710.0000000,550.0000000,710.0000000,24800
14/06/99,000000,700.0000000,1040.0000000,665.0000000,985.0000000,28503
21/06/99,000000,1040.0000000,1395.0000000,990.0000000,1057.0000000,48532
28/06/99,000000,1060.0100000,1195.0000000,995.0000000,1144.0000000,33823
05/07/99,000000,1150.0000000,1254.0000000,1110.0000000,1144.0000000,54632
12/07/99,000000,1160.0000000,1160.0000000,970.0100000,976.0000000,53103
19/07/99,000000,965.0000000,970.0000000,822.5000000,880.5000000,42738
26/07/99,000000,875.0000000,930.0000000,680.0100000,749.9800000,63961
02/08/99,000000,780.0000000,792.0000000,600.0000000,676.0000000,62712
09/08/99,000000,500.0000000,755.0000000,500.0000000,715.0000000,98517
16/08/99,000000,750.0000000,750.0000000,702.0000000,747.0000000,31245
23/08/99,000000,755.0000000,853.0000000,730.0000000,745.0000000,58569
30/08/99,000000,715.0000000,770.0000000,675.0000000,750.0000000,68284
06/09/99,000000,758.0000000,776.0000000,685.0000000,740.0000000,86168
13/09/99,000000,721.0000000,730.0000000,501.0000000,560.0200000,92301
20/09/99,000000,585.0000000,598.0000000,500.0000000,567.0000000,67693
27/09/99,000000,550.0000000,603.0000000,501.0000000,538.9000000,51079
04/10/99,000000,550.0000000,609.8000000,540.0000000,592.0100000,49269
11/10/99,000000,585.0000000,663.0000000,572.0000000,575.0000000,53171
18/10/99,000000,572.0000000,610.0000000,553.0000000,595.0000000,34199
25/10/99,000000,600.0000000,600.0000000,568.0000000,584.9800000,15947
01/11/99,000000,583.5000000,599.0000000,541.1000000,599.0000000,32320
08/11/99,000000,600.0000000,680.0000000,591.0000000,657.0000000,58029
15/11/99,000000,650.0000000,780.0000000,650.0000000,780.0000000,91459
22/11/99,000000,814.0000000,872.0000000,781.0000000,806.0000000,131396
29/11/99,000000,800.0000000,854.0000000,742.0100000,853.0000000,95862
06/12/99,000000,870.0000000,875.0000000,690.0000000,710.0000000,96866
13/12/99,000000,690.0000000,840.0000000,690.0000000,800.5000000,76216
20/12/99,000000,845.0000000,999.0000000,835.0000000,960.0000000,137437
27/12/99,000000,975.0000000,1089.0000000,975.0000000,1016.0000000,61610
03/01/00,000000,1150.0000000,1280.0000000,1080.0000000,1267.0000000,44726
10/01/00,000000,1325.0000000,1539.0000000,1102.0000000,1499.0000000,255458
17/01/00,000000,1480.0000000,1543.0000000,1206.0000000,1366.0000000,207067
24/01/00,000000,1373.0000000,1390.0000000,1130.0000000,1200.0500000,194202
31/01/00,000000,1151.0000000,1257.0000000,1117.0000000,1235.0000000,132906
07/02/00,000000,1245.0000000,1380.0000000,1215.0200000,1300.1000000,153902
14/02/00,000000,1355.0000000,1447.0000000,1270.0000000,1372.0000000,124146
21/02/00,000000,1330.0000000,1447.0000000,1320.0000000,1365.0000000,109152
28/02/00,000000,1330.0000000,1413.9000000,1286.0000000,1409.0000000,102741
06/03/00,000000,1425.0000000,1637.0100000,1382.0000000,1620.0000000,225714
13/03/00,000000,1567.0000000,1620.0000000,1413.0000000,1424.9000000,300019
20/03/00,000000,1420.0000000,1595.0000000,1367.0000000,1522.0000000,215183
27/03/00,000000,1570.0000000,1585.0000000,1320.0000000,1420.0000000,111124
03/04/00,000000,1422.0000000,1546.0000000,1370.0000000,1416.0000000,192528
10/04/00,000000,1400.0000000,1573.0000000,1400.0000000,1501.5000000,225953
17/04/00,000000,1426.0000000,1448.0000000,1350.0000000,1440.0000000,152816
24/04/00,000000,1435.0000000,1508.0000000,1393.2000000,1486.5000000,113638
01/05/00,000000,1471.5500000,1501.0000000,1440.0000000,1467.0000000,35903
08/05/00,000000,1485.0000000,1490.0000000,1403.0000000,1404.0000000,38376
15/05/00,000000,1399.0000000,1414.0000000,1180.0000000,1195.9000000,73179
22/05/00,000000,1150.0000000,1169.8900000,860.0000000,1065.0000000,110771
29/05/00,000000,1079.4000000,1260.0000000,1055.0000000,1250.0000000,66202
05/06/00,000000,1251.0000000,1266.0000000,1090.0000000,1222.0000000,114200
12/06/00,000000,1201.0000000,1218.0000000,1125.0000000,1140.0000000,40730
19/06/00,000000,1130.0000000,1145.0000000,976.0000000,1030.0000000,59548
26/06/00,000000,1010.0000000,1033.0000000,871.0000000,975.0000000,61988
03/07/00,000000,980.0000000,1400.0000000,980.0000000,1300.0500000,164236
10/07/00,000000,1328.9000000,1440.0000000,1260.0000000,1351.0000000,138846
17/07/00,000000,1333.0000000,1372.0000000,1260.0000000,1295.0000000,55040
24/07/00,000000,1299.0000000,1325.0000000,1250.0000000,1312.9900000,102215
31/07/00,000000,1300.0000000,1395.0000000,1293.0000000,1374.0000000,112774
07/08/00,000000,1401.0000000,1430.0000000,1348.0100000,1385.0100000,101435
14/08/00,000000,1400.0000000,1450.0000000,1330.0000000,1330.0000000,97874
21/08/00,000000,1330.0000000,1425.0000000,1314.0000000,1400.0000000,70758
28/08/00,000000,1389.0000000,1459.0000000,1376.0000000,1381.0000000,97185
04/09/00,000000,1385.0000000,1420.0000000,1339.0000000,1349.4900000,51931
11/09/00,000000,1340.0000000,1340.0000000,1226.0000000,1278.0000000,40006
18/09/00,000000,1245.0000000,1245.0000000,1030.0000000,1067.9900000,51987
25/09/00,000000,1115.0000000,1179.0000000,1100.0000000,1153.0000000,47031
02/10/00,000000,1148.9000000,1220.0000000,1117.0000000,1136.0000000,42612
09/10/00,000000,1130.0000000,1134.0000000,990.0000000,1020.0000000,31967
16/10/00,000000,1078.0000000,1171.0000000,1000.0000000,1168.0000000,52212
23/10/00,000000,1190.0100000,1200.0000000,1140.0100000,1161.9900000,25532
30/10/00,000000,1166.0000000,1174.0000000,1101.2100000,1155.0000000,38826
06/11/00,000000,1143.4500000,1149.0000000,1070.0200000,1077.0000000,10531
13/11/00,000000,1056.0000000,1085.0000000,1018.0000000,1062.4000000,20607
20/11/00,000000,1050.0100000,1065.0000000,920.0000000,957.0200000,32727
27/11/00,000000,988.0000000,1000.0000000,740.0000000,756.0100000,37771
04/12/00,000000,760.0000000,930.0000000,741.0000000,840.0000000,71450
11/12/00,000000,870.0000000,880.0000000,745.0000000,745.0000000,40613
18/12/00,000000,760.0000000,795.0000000,621.0000000,725.0000000,54836
25/12/00,000000,739.0000000,739.9900000,682.0000000,700.0000000,65418
01/01/01,000000,680.0000000,714.9900000,630.0000000,700.0000000,19515
08/01/01,000000,698.8000000,756.0000000,690.0000000,748.4900000,43815
15/01/01,000000,748.0000000,837.0000000,725.0000000,802.0000000,62294
22/01/01,000000,795.0000000,826.0000000,760.0000000,794.0000000,83441
29/01/01,000000,793.0000000,795.0000000,713.0000000,722.9000000,80567
05/02/01,000000,709.0000000,750.0000000,706.0000000,718.0000000,49157
12/02/01,000000,716.0000000,789.9700000,703.0000000,745.0000000,111499
19/02/01,000000,749.0000000,757.0000000,651.0000000,661.0000000,44578
26/02/01,000000,669.8900000,718.5000000,645.0000000,704.5000000,55605
05/03/01,000000,710.9000000,839.9900000,707.1000000,803.7700000,79674
12/03/01,000000,780.0000000,1034.0000000,745.0000000,940.0000000,199236
19/03/01,000000,954.0000000,1000.0000000,890.0000000,918.0000000,87931
26/03/01,000000,927.0000000,942.0000000,875.0100000,937.9900000,40478
02/04/01,000000,945.0000000,990.0000000,885.1300000,939.9500000,106122
09/04/01,000000,926.0000000,1030.0000000,917.0000000,1026.9900000,55973
16/04/01,000000,1005.0000000,1121.0000000,1000.0000000,1020.0000000,81181
23/04/01,000000,1020.0000000,1084.0000000,894.0000000,1045.0000000,69446
30/04/01,000000,1050.0000000,1070.0000000,1034.1000000,1064.0000000,17016
07/05/01,000000,1075.0000000,1079.0000000,1042.0000000,1051.0000000,32576
14/05/01,000000,1054.9900000,1088.9800000,1040.0000000,1088.9800000,27842
21/05/01,000000,1095.0000000,1194.0000000,1075.0000000,1142.0000000,112155
28/05/01,000000,1090.0000000,1102.0000000,1050.0000000,1089.0000000,51335
04/06/01,000000,1090.0000000,1169.9900000,1090.0000000,1097.0000000,107568
11/06/01,000000,1100.0000000,1130.8500000,1085.0000000,1130.0000000,41697
18/06/01,000000,1118.0100000,1184.8900000,1118.0100000,1170.0000000,62411
25/06/01,000000,1179.0000000,1193.9300000,1030.0000000,1100.0000000,102798
02/07/01,000000,1099.0000000,1110.0000000,1047.0000000,1055.1000000,33256
09/07/01,000000,1055.0000000,1079.0000000,975.0000000,990.0000000,40101
16/07/01,000000,992.0000000,1055.0000000,985.0000000,997.0000000,29207
23/07/01,000000,1002.0000000,1070.0000000,990.0000000,1019.0000000,25751
30/07/01,000000,1030.0000000,1035.0000000,992.0000000,1012.5000000,25444
06/08/01,000000,1001.5100000,1015.0000000,990.0100000,1001.0000000,17952
13/08/01,000000,1000.0000000,1024.0000000,999.0100000,1002.0000000,8898
20/08/01,000000,1000.0000000,1045.9000000,990.0000000,1033.8500000,33348
27/08/01,000000,1035.0000000,1070.0000000,1014.9000000,1055.0000000,51412
03/09/01,000000,1050.0100000,1112.6800000,1050.0100000,1076.1000000,43836
10/09/01,000000,1051.0000000,1077.0000000,905.0000000,982.0100000,35271
17/09/01,000000,961.0000000,999.0000000,900.0000000,910.0000000,36563
24/09/01,000000,915.0000000,927.0000000,843.0000000,890.0000000,40860
01/10/01,000000,900.0000000,915.0000000,872.0100000,905.0000000,22160
08/10/01,000000,892.3000000,972.0000000,885.0000000,965.0000000,30420
15/10/01,000000,946.0000000,989.0000000,933.3000000,972.9000000,21993
22/10/01,000000,974.9000000,1019.9800000,970.0800000,997.0000000,22384
29/10/01,000000,1000.0000000,1039.9000000,986.2000000,1021.0000000,24793
05/11/01,000000,1022.0000000,1096.0000000,1015.0000000,1083.0000000,59190
12/11/01,000000,1090.0000000,1149.9000000,1033.0000000,1060.0000000,102622
19/11/01,000000,1041.0000000,1270.0000000,1041.0000000,1210.0000000,145986
26/11/01,000000,1234.0000000,1414.0000000,1204.0000000,1392.0000000,149229
03/12/01,000000,1403.0000000,1912.0000000,1380.0000000,1890.0000000,299993
10/12/01,000000,1937.0000000,2187.0000000,1771.0000000,1842.0000000,235011
17/12/01,000000,1889.0000000,2172.0000000,1830.0000000,2127.0000000,208943
24/12/01,000000,2127.0000000,2299.9900000,2127.0000000,2219.0000000,175214
31/12/01,000000,2246.0000000,2370.0000000,2185.7000000,2301.0000000,38498
07/01/02,000000,2310.0000000,2364.0000000,2282.0000000,2332.0500000,83134
14/01/02,000000,2300.0000000,2890.0000000,2272.0000000,2780.0000000,172609
21/01/02,000000,2811.8700000,2830.0000000,2405.0000000,2418.0000000,113520
28/01/02,000000,2420.0000000,2688.0000000,2400.0000000,2555.0000000,79796
04/02/02,000000,2547.6900000,2590.0000000,2400.0000000,2566.0000000,61453
11/02/02,000000,2584.0000000,2795.9000000,2570.0000000,2682.0000000,73992
18/02/02,000000,2695.5400000,2777.0000000,2610.0000000,2760.0000000,43290
25/02/02,000000,2785.0000000,2909.9500000,2722.0000000,2898.0000000,102705
04/03/02,000000,2950.0000000,3034.0000000,2835.0000000,2995.5500000,117317
11/03/02,000000,3015.0000000,3255.5500000,2935.0000000,3239.8800000,125102
18/03/02,000000,3398.0000000,3888.0000000,3267.0000000,3812.0000000,254632
25/03/02,000000,3823.0000000,4413.0000000,3695.0000000,4280.0000000,270477
01/04/02,000000,4260.0000000,4685.0000000,4231.0000000,4620.0000000,234382
08/04/02,000000,4639.0000000,5204.0000000,4600.0000000,4690.0000000,322332
15/04/02,000000,4729.0000000,5210.0000000,4602.0000000,5195.0000000,319687
22/04/02,000000,5236.1000000,5562.0000000,5100.0000000,5430.0000000,264374
29/04/02,000000,5455.0000000,5469.0000000,5210.0100000,5305.0000000,53070
06/05/02,000000,5350.0000000,5430.0000000,4912.0100000,5430.0000000,71024
13/05/02,000000,5400.0000000,5700.0000000,5265.0000000,5690.0000000,212832
20/05/02,000000,5590.0000000,5880.0000000,5570.0000000,5640.0000000,164778
27/05/02,000000,5655.0000000,5699.0000000,5050.0000000,5391.0000000,111164
03/06/02,000000,5400.0000000,5460.0000000,5219.0000000,5360.0000000,78966
10/06/02,000000,5420.0000000,5734.1100000,5351.0500000,5620.0000000,103819
17/06/02,000000,5650.0000000,5679.0000000,5155.0200000,5400.0000000,110712
24/06/02,000000,5373.0000000,5460.0000000,5140.0000000,5299.0000000,81252
01/07/02,000000,5290.0000000,5430.0000000,5210.0000000,5371.0000000,50858
08/07/02,000000,5350.0000000,5365.0000000,5225.0000000,5265.2000000,27094
15/07/02,000000,5250.0000000,5331.8900000,5160.0000000,5225.0000000,34361
22/07/02,000000,5150.0000000,5159.0000000,4570.0000000,4927.0000000,80543
29/07/02,000000,4882.0000000,5099.9900000,4575.0000000,4652.0000000,27519
05/08/02,000000,4641.0000000,4689.8900000,4155.0200000,4533.0000000,28990
12/08/02,000000,4420.0000000,4764.0000000,4420.0000000,4764.0000000,13208
19/08/02,000000,4705.0000000,5025.0000000,4700.0000000,4888.0000000,24497
26/08/02,000000,4900.0000000,4979.9900000,4715.2000000,4758.0000000,17513
02/09/02,000000,4750.0000000,4757.0000000,4561.0000000,4700.0000000,12242
09/09/02,000000,4700.0000000,5310.0000000,4650.0000000,5060.0000000,92255
16/09/02,000000,5060.0000000,5099.5000000,4690.0100000,4850.0000000,45144
23/09/02,000000,4845.0000000,5100.0000000,4800.0000000,5078.0000000,49339
30/09/02,000000,4992.0000000,5690.0000000,4950.0000000,5689.9900000,78270
07/10/02,000000,5581.0000000,5700.0000000,5355.0000000,5479.9000000,41379
14/10/02,000000,5481.0000000,5711.0000000,5407.0300000,5655.0000000,35648
21/10/02,000000,5640.0000000,5878.0000000,5581.0000000,5672.0000000,62362
28/10/02,000000,5698.9900000,6098.0000000,5575.0000000,6088.0000000,72059
04/11/02,000000,6120.0000000,6269.9600000,5970.0100000,5940.0000000,28462
11/11/02,000000,5940.0000000,6134.0000000,5801.0000000,6000.0000000,68132
18/11/02,000000,6007.0000000,6267.0000000,6007.0000000,6239.9900000,54236
25/11/02,000000,6222.0000000,6479.0000000,6152.0100000,6460.0000000,40834
02/12/02,000000,6459.9900000,6530.0000000,6250.0000000,6390.0000000,60175
09/12/02,000000,6370.0000000,6409.9900000,6053.0000000,6196.8800000,28064
16/12/02,000000,6224.0000000,6230.0000000,5924.0000000,6080.0000000,60480
23/12/02,000000,6097.0000000,6106.9900000,5662.0000000,6038.0000000,38041
30/12/02,000000,6036.0000000,6155.0000000,5990.0000000,6145.0000000,8513
06/01/03,000000,6145.0000000,6285.0000000,5960.0000000,6261.0000000,29188
13/01/03,000000,6231.0000000,6360.0000000,6122.0000000,6122.0000000,43041
20/01/03,000000,6125.0000000,6276.0000000,5950.0000000,6030.0000000,48103
27/01/03,000000,6008.9900000,6130.0000000,5930.0000000,6040.0000000,40756
03/02/03,000000,6022.0000000,6177.0000000,6001.0000000,6105.0000000,24236
10/02/03,000000,6100.0000000,6349.9700000,6085.0000000,6330.0000000,42795
17/02/03,000000,6349.0000000,6667.0000000,6333.3300000,6660.0100000,76006
24/02/03,000000,6660.0000000,6774.9900000,6620.0000000,6668.0000000,34823
03/03/03,000000,6686.0000000,7099.0000000,6656.0000000,6826.0000000,73148
10/03/03,000000,6820.0000000,6920.0000000,6720.0000000,6781.0000000,29948
17/03/03,000000,6770.0000000,6779.9900000,6415.0000000,6647.0000000,35553
24/03/03,000000,6675.9900000,6675.9900000,6380.0000000,6535.0000000,25218
31/03/03,000000,6520.0000000,6649.9900000,6300.0000000,6643.0000000,32806
07/04/03,000000,6643.0000000,6842.0000000,6640.0000000,6725.9900000,42368
14/04/03,000000,6779.0000000,7024.4200000,6652.0000000,6999.9900000,56673
21/04/03,000000,7028.0000000,7220.0000000,7000.0000000,7129.5000000,88624
28/04/03,000000,7120.0000000,7199.0000000,7049.9000000,7052.0000000,17148
05/05/03,000000,7130.0000000,7389.0000000,7056.0000000,7332.0000000,53270
12/05/03,000000,7351.0000000,8300.0000000,7260.0000000,8060.0000000,80562
19/05/03,000000,8070.0000000,8299.0000000,7805.0100000,8295.0000000,60622
26/05/03,000000,8300.0000000,8500.0000000,8000.0000000,8070.0000000,61910
02/06/03,000000,8124.9000000,8269.0000000,7910.0000000,8172.0000000,50628
09/06/03,000000,8150.0000000,8335.0000000,7940.0000000,8290.0000000,37985
16/06/03,000000,8293.5000000,8698.0000000,8265.0100000,8356.0000000,63852
23/06/03,000000,8380.0000000,8680.0000000,8200.0000000,8568.0000000,29688
30/06/03,000000,8570.0000000,8636.0000000,8315.0000000,8599.0100000,33313
07/07/03,000000,8595.0000000,8700.0000000,7525.0000000,7970.0000000,49740
14/07/03,000000,7972.5000000,8210.0000000,7202.0000000,7501.0600000,51142
21/07/03,000000,7545.0000000,7800.0000000,7350.0000000,7721.0100000,29197
28/07/03,000000,7730.0000000,7794.9000000,7152.5000000,7355.0000000,29731
04/08/03,000000,7355.0000000,7520.0000000,7215.0000000,7425.0000000,34120
11/08/03,000000,7430.0000000,7875.0000000,7403.0000000,7651.0000000,65934
18/08/03,000000,7650.0000000,7797.0000000,7400.0000000,7530.0000000,86177
25/08/03,000000,7253.5000000,8498.5000000,7253.5000000,7765.0000000,29370
01/09/03,000000,7732.0000000,8500.0000000,7731.0000000,8255.0100000,105824
08/09/03,000000,8210.0500000,8380.0000000,8050.0000000,8250.0000000,35927
15/09/03,000000,8337.5000000,8400.0000000,7900.0000000,7900.0000000,38450
22/09/03,000000,7910.0000000,8100.0000000,7730.0000000,7766.0000000,37399
29/09/03,000000,7806.5000000,8362.0000000,7755.0000000,8298.9800000,59992
06/10/03,000000,8345.0000000,9350.0000000,8050.0800000,8855.0000000,165827
13/10/03,000000,8900.0000000,9350.0000000,8860.0000000,9029.0000000,110893
20/10/03,000000,9020.0000000,9088.0000000,8150.0000000,8329.0100000,93178
27/10/03,000000,7800.0000000,8154.0000000,7000.0000000,7706.9000000,135092
03/11/03,000000,7800.0000000,8175.0000000,7790.0000000,7860.0000000,83718
10/11/03,000000,7900.0000000,7974.9900000,7300.0000000,7500.0200000,55570
17/11/03,000000,7509.5000000,7509.5000000,7007.0000000,7255.0000000,49921
24/11/03,000000,7250.0000000,7769.0000000,7230.0000000,7544.9900000,75218
01/12/03,000000,7512.9800000,7949.9700000,7365.0000000,7751.0000000,59132
08/12/03,000000,7615.5000000,7960.0000000,6900.0000000,7740.0000000,46918
15/12/03,000000,7750.0000000,7850.5000000,7477.0000000,7700.0000000,48086
22/12/03,000000,7700.0000000,7770.0000000,7490.0000000,7618.9900000,32333
29/12/03,000000,7780.5000000,7780.5000000,7510.0000000,7575.0000000,8038
05/01/04,000000,7660.0100000,8671.0000000,7610.0000000,8650.5000000,117273
12/01/04,000000,8700.0000000,8725.0000000,8241.0000000,8520.0000000,80516
19/01/04,000000,8520.0000000,8666.6500000,8381.0000000,8580.0000000,74497
26/01/04,000000,8584.0900000,8715.0000000,8359.0000000,8369.9900000,111137
02/02/04,000000,8368.9900000,8635.0000000,8275.0000000,8560.0000000,65245
09/02/04,000000,8588.7500000,9000.0000000,8565.0000000,8965.0000000,192345
16/02/04,000000,8957.0000000,9448.0000000,8920.0100000,9400.0100000,146417
23/02/04,000000,8905.0000000,9980.0000000,8905.0000000,9840.0000000,184178
01/03/04,000000,9863.0000000,10179.9900000,9475.0000000,10060.0000000,205536
08/03/04,000000,10057.5000000,10300.0000000,9880.0100000,9960.0000000,109456
15/03/04,000000,10024.9900000,11689.9900000,9867.0000000,11640.0000000,286696
22/03/04,000000,11610.0000000,12198.9800000,11341.0000000,11900.0000000,264414
29/03/04,000000,11987.5000000,13339.0000000,11850.0000000,12750.0000000,278875
05/04/04,000000,12730.0000000,13119.0000000,12107.0000000,12467.0000000,201760
12/04/04,000000,12470.0000000,12634.0000000,11740.0000000,11860.0000000,163209
19/04/04,000000,11860.5000000,12100.0000000,11423.9500000,11700.0000000,161891
26/04/04,000000,11750.0000000,12240.0000000,11100.0000000,11126.0000000,239102
03/05/04,000000,11200.0000000,11550.0000000,10550.0000000,10565.0000000,69874
10/05/04,000000,10475.0000000,11569.9000000,9750.0000000,11023.0000000,132535
17/05/04,000000,11022.5000000,12490.0000000,10850.0000000,12300.0000000,237450
24/05/04,000000,12330.0000000,12350.0000000,11525.0100000,11557.0000000,113982
31/05/04,000000,11568.5000000,11870.0000000,10870.0000000,11610.0000000,125540
07/06/04,000000,11709.9900000,12233.5000000,11050.0000000,11399.9700000,132960
14/06/04,000000,11335.5500000,12120.0000000,10310.0000000,11770.0000000,165621
21/06/04,000000,11790.0600000,12040.0000000,11500.0000000,11941.0000000,133210
28/06/04,000000,11941.0500000,11941.0500000,11250.0000000,11600.0000000,158723
05/07/04,000000,11475.0100000,11798.0000000,11400.0100000,11605.0000000,89477
12/07/04,000000,11596.5000000,12800.0000000,11596.5000000,12620.0000000,139595
19/07/04,000000,12782.5000000,12856.7800000,11890.0000000,12100.0000000,113512
26/07/04,000000,12180.0000000,12380.0000000,10950.0000000,11099.9700000,83455
02/08/04,000000,11190.0000000,11289.0000000,10635.0000000,10810.0000000,71886
09/08/04,000000,10943.5000000,11360.0000000,10700.1100000,11195.0000000,47781
16/08/04,000000,11200.0000000,11290.0000000,10900.0000000,11036.9900000,49354
23/08/04,000000,11055.0000000,11470.0000000,10901.0300000,11399.9900000,53080
30/08/04,000000,11400.0000000,11840.0000000,11270.0000000,11785.0000000,82640
06/09/04,000000,11633.0000000,12249.0000000,11633.0000000,12111.0000000,71721
13/09/04,000000,12225.0000000,12555.0000000,11956.3000000,12495.0100000,84356
20/09/04,000000,12500.0000000,12650.0000000,12183.7500000,12245.0000000,60089
27/09/04,000000,12247.4900000,12497.0000000,11645.0100000,12450.0000000,83637
04/10/04,000000,12482.4300000,12758.9700000,12355.0000000,12729.9000000,94012
11/10/04,000000,12750.0000000,13180.0000000,12365.0000000,12550.0000000,131143
18/10/04,000000,12550.0000000,13150.0000000,12300.0000000,12765.0000000,118573
25/10/04,000000,12795.3700000,13687.9800000,12520.0000000,13580.0000000,126912
01/11/04,000000,13744.5000000,14140.0000000,12945.0000000,14072.0100000,144127
08/11/04,000000,14062.5000000,14443.9900000,13980.0000000,14189.0000000,79120
15/11/04,000000,14200.0000000,14660.0000000,13759.0000000,14200.0000000,141944
22/11/04,000000,14250.0000000,14355.0000000,13225.0000000,13590.0000000,78323
29/11/04,000000,13601.0000000,13980.5100000,13025.1100000,13270.0000000,66519
06/12/04,000000,13201.0000000,14078.0000000,11750.0000000,12100.0000000,122098
13/12/04,000000,12200.0000000,12917.9000000,12103.7400000,12339.0000000,65980
20/12/04,000000,12040.1000000,13739.0000000,12000.0000000,13690.0000000,88458
27/12/04,000000,13290.0000000,14097.0000000,13206.0000000,13910.0500000,38245
10/01/05,000000,14010.0000000,14200.0000000,13780.0000000,13846.0000000,37349
17/01/05,000000,13673.5000000,13970.0000000,13310.0000000,13500.0100000,56838
24/01/05,000000,13882.5100000,14355.8700000,13420.0000000,14300.0000000,89491
31/01/05,000000,13846.0000000,14879.9000000,13846.0000000,14790.0000000,124531
07/02/05,000000,14860.0000000,15340.0000000,14800.0000000,15236.9000000,97188
14/02/05,000000,15230.0000000,15698.1900000,15142.0000000,15550.0000000,81421
21/02/05,000000,15601.0000000,16300.0100000,15401.0000000,16300.0000000,61378
28/02/05,000000,16295.0000000,16650.0000000,15702.0200000,16560.0000000,87125
07/03/05,000000,16649.0000000,16651.0000000,15260.0000000,15900.0000000,106253
14/03/05,000000,15910.0000000,16165.0000000,15031.0000000,15872.1400000,126221
21/03/05,000000,15436.5000000,16530.0000000,15436.5000000,16410.0000000,140584
28/03/05,000000,16410.0000000,17050.0000000,15808.0000000,17048.9800000,84672
04/04/05,000000,17050.0000000,17838.9800000,16935.0000000,17630.0000000,70800
11/04/05,000000,17635.0000000,18294.0000000,16911.0000000,18170.0000000,99430
18/04/05,000000,18165.0000000,18523.5000000,17600.0000000,18205.9900000,78313
25/04/05,000000,18259.5000000,18530.0000000,17727.0100000,17961.0000000,93184
02/05/05,000000,17977.5000000,18445.0000000,17969.0000000,18065.0000000,57287
09/05/05,000000,17890.0000000,18385.0000000,17600.0000000,17820.0000000,36936
16/05/05,000000,17785.0000000,18160.0000000,17400.0000000,17860.0000000,42646
23/05/05,000000,17895.0100000,18281.0000000,17199.0100000,17845.0000000,45791
30/05/05,000000,17847.0000000,18600.0000000,17735.0100000,18564.0000000,61308
06/06/05,000000,18565.0000000,18565.0000000,18267.5600000,18425.0000000,23681
13/06/05,000000,18476.0000000,18680.0000000,18350.0000000,18576.0000000,29789
20/06/05,000000,18600.0000000,19140.0000000,18390.0000000,19000.0000000,53800
27/06/05,000000,19000.0000000,19406.0000000,18751.0100000,19230.0000000,46406
04/07/05,000000,19309.9500000,20970.0000000,18772.6300000,20885.0000000,130356
11/07/05,000000,20892.5000000,21345.0000000,20522.0100000,20920.0000000,68869
18/07/05,000000,20910.0000000,23000.0000000,20700.0000000,22090.0200000,114102
25/07/05,000000,22150.0000000,23319.9900000,21601.0000000,21861.0000000,108603
01/08/05,000000,21849.9000000,22789.0000000,21450.0000000,22640.0000000,76686
08/08/05,000000,22595.0000000,22739.9400000,21720.0000000,21937.0000000,51186
15/08/05,000000,21950.0000000,24429.9900000,21801.0000000,24219.5400000,80037
22/08/05,000000,23435.0000000,26283.5000000,23435.0000000,25101.0000000,81509
29/08/05,000000,25120.0000000,25900.0000000,24890.0500000,25625.0000000,49024
05/09/05,000000,25627.5000000,26100.0000000,23667.0000000,25649.9800000,113362
12/09/05,000000,25685.0000000,26100.0000000,25100.0000000,25777.0000000,67170
19/09/05,000000,25760.0000000,27477.7700000,25555.0100000,26927.0000000,91594
26/09/05,000000,26913.5000000,27699.0000000,26425.0000000,27390.0000000,59184
03/10/05,000000,27350.0000000,27780.0000000,25151.0000000,25551.0100000,73328
10/10/05,000000,25920.0000000,27300.0000000,24328.5000000,24432.0000000,67131
17/10/05,000000,24894.0000000,25148.7700000,23347.0000000,23865.0000000,62371
24/10/05,000000,23875.0000000,24800.0000000,23401.0000000,24525.0000000,71807
31/10/05,000000,24839.5000000,27128.7500000,24600.0000000,26770.0000000,75276
07/11/05,000000,26757.5000000,28349.0000000,26716.0000000,28349.0000000,98689
14/11/05,000000,28312.0000000,31839.0000000,28151.0000000,31101.0000000,162404
21/11/05,000000,31285.0000000,32200.0000000,30870.0000000,31493.9800000,92184
28/11/05,000000,31410.0100000,34250.0000000,31330.0000000,34099.0000000,110025
05/12/05,000000,34344.0000000,35250.0000000,33701.0000000,34685.0000000,90191
12/12/05,000000,34799.0000000,35150.0000000,34371.0000000,34690.0000000,92186
19/12/05,000000,34601.0000000,38783.0000000,30000.0000000,37399.9900000,178942
26/12/05,000000,37499.9900000,38175.0000000,36906.0000000,37662.7200000,60222
09/01/06,000000,38550.0000000,49300.0000000,38300.0000000,45510.0000000,257693
16/01/06,000000,45510.0000000,46994.0000000,39487.0000000,44099.9900000,281013
23/01/06,000000,43500.0000000,43907.0100000,41600.0000000,43500.1000000,136539
30/01/06,000000,43890.0000000,44199.0000000,40500.0100000,40501.0100000,113863
06/02/06,000000,40750.0000000,45490.0000000,40600.0000000,44101.0200000,140460
13/02/06,000000,43751.0100000,45500.0000000,43225.0000000,45300.0000000,146202
20/02/06,000000,45500.1300000,46149.9900000,44050.0000000,45850.0000000,72659
27/02/06,000000,46000.0000000,46500.0000000,41800.0000000,42750.0000000,156703
06/03/06,000000,43041.0000000,43350.0000000,37826.6000000,39500.0000000,132903
13/03/06,000000,39699.0000000,41980.0000000,38155.0000000,39800.0000000,163243
20/03/06,000000,40000.0100000,41800.0000000,39670.0000000,41039.1000000,113180
27/03/06,000000,41577.9000000,41590.0000000,39200.0000000,41169.0000000,116628
03/04/06,000000,41171.0300000,42490.0000000,40430.0000000,41900.0000000,115713
10/04/06,000000,41800.0500000,44745.0000000,41529.7100000,43367.3400000,214890
17/04/06,000000,43498.0000000,44230.0000000,42100.0000000,42789.9900000,124392
24/04/06,000000,42849.0000000,50050.0000000,41652.0000000,48945.0000000,435759
01/05/06,000000,49349.9900000,52495.0000000,48550.0000000,50499.9900000,230095
08/05/06,000000,50481.0000000,51899.0000000,45575.0000000,46315.0100000,133365
15/05/06,000000,45800.0000000,46350.0000000,39000.0000000,41510.0000000,207922
22/05/06,000000,41910.0000000,45300.0000000,35500.0000000,44550.0000000,321015
29/05/06,000000,45100.0000000,47733.0000000,41101.0000000,47650.0000000,198560
05/06/06,000000,47999.0000000,48127.0000000,41500.0000000,42980.0000000,212935
12/06/06,000000,40489.0000000,44200.0000000,38000.0000000,41002.0000000,188824
19/06/06,000000,41100.0000000,44900.0000000,40800.0100000,43680.0000000,119277
26/06/06,000000,44090.0000000,46745.0000000,42700.0000000,45950.0000000,140767
03/07/06,000000,46485.0100000,50950.0000000,45350.0000000,50849.0000000,232335
10/07/06,000000,50600.0000000,52650.0000000,45423.0000000,46800.0000000,172409
17/07/06,000000,46700.0000000,52000.0000000,43557.0000000,46400.0000000,87818
31/07/06,000000,51992.0000000,52225.0000000,50502.0000000,51450.0000000,32692
07/08/06,000000,51257.0000000,53500.0000000,50100.0000000,52950.0000000,89609
14/08/06,000000,53050.0000000,55774.0000000,52311.0000000,52701.0000000,156222
21/08/06,000000,53000.0000000,55700.0000000,52713.0000000,55330.9000000,81511
28/08/06,000000,54975.0000000,59230.0000000,54650.0000000,56300.0000000,111845
04/09/06,000000,57177.0000000,60198.0000000,56105.0100000,56501.0000000,129640
11/09/06,000000,56205.0000000,56449.9800000,53550.0000000,54490.0000000,184455
18/09/06,000000,54900.0000000,56488.0000000,54000.0000000,54400.0000000,108615
25/09/06,000000,54100.0000000,58700.0000000,52815.0000000,58000.0200000,158695
02/10/06,000000,58500.0000000,60450.0000000,55300.0000000,59220.0000000,141344
09/10/06,000000,59350.0000000,62480.0000000,59000.0000000,61940.0100000,118898
16/10/06,000000,62200.0000000,62200.0000000,58700.0000000,61200.0000000,118337
23/10/06,000000,61500.0000000,63300.0000000,59660.0000000,60600.0000000,160467
30/10/06,000000,60400.0000000,61300.0000000,58810.0000000,60999.9800000,104469
06/11/06,000000,61300.0000000,64145.0000000,61250.0000000,63849.0000000,93486
13/11/06,000000,63900.0000000,66400.0000000,62870.0000000,66000.0000000,126155
20/11/06,000000,65914.0100000,66550.0000000,64515.0000000,65760.2300000,87617
27/11/06,000000,66000.0000000,66590.0000000,64600.0000000,65369.0000000,105691
04/12/06,000000,65264.3600000,73898.9900000,64956.0300000,73849.9900000,213958
11/12/06,000000,73849.9900000,79100.0200000,73550.0000000,78250.0000000,223302
18/12/06,000000,78211.0000000,83419.0000000,76700.0000000,81768.0400000,222315
25/12/06,000000,81768.0400000,93600.0000000,80602.0000000,92758.8000000,185950
08/01/07,000000,89995.0000000,90606.0000000,78701.0000000,86651.0300000,334769
15/01/07,000000,87795.0000000,97450.2000000,87700.0000000,90400.0000000,493148
22/01/07,000000,92050.5000000,94600.0000000,91002.0000000,92540.0000000,263069
29/01/07,000000,93245.0000000,93690.0000000,81500.0000000,91760.0300000,499816
05/02/07,000000,92450.0000000,92642.5500000,89050.0000000,89500.0000000,170052
12/02/07,000000,89026.8500000,94600.0000000,87250.0000000,92255.0000000,200641
19/02/07,000000,92550.0000000,97155.0000000,91601.0000000,97002.0000000,294689
26/02/07,000000,98100.0100000,99769.9300000,89500.0000000,91250.0000000,528974
05/03/07,000000,89750.0000000,93950.0000000,85006.0000000,92500.0000000,324318
12/03/07,000000,92600.0000000,92980.0000000,88300.0000000,89977.5000000,199558
19/03/07,000000,90298.5000000,95188.9000000,89850.0000000,94510.0000000,170754
26/03/07,000000,94999.9800000,95599.9800000,92001.0000000,92500.0000000,120467
02/04/07,000000,92200.0000000,97150.0000000,91307.0100000,97050.0000000,187111
09/04/07,000000,97800.0000000,102985.0000000,97600.0000000,102600.0000000,305328
16/04/07,000000,103000.0000000,103800.0000000,98250.0000000,102252.0000000,232010
23/04/07,000000,103495.0000000,103699.9800000,99499.9100000,101800.0000000,180873
30/04/07,000000,102000.0000000,104100.0000000,101697.0000000,102850.0000000,83263
07/05/07,000000,103000.0000000,105600.0000000,98525.0400000,99890.0000000,154883
14/05/07,000000,101250.0000000,101698.9800000,97100.0000000,98499.0000000,147014
21/05/07,000000,99567.0000000,99974.0000000,89850.0000000,93360.0000000,192918
28/05/07,000000,93750.0000000,95699.0000000,86000.0000000,95100.0000000,244149
04/06/07,000000,95400.0000000,97980.0000000,92113.0000000,94635.0000000,219406
11/06/07,000000,93999.0000000,100150.0000000,93308.0000000,98800.0000000,111511
18/06/07,000000,99788.0000000,101550.0000000,97477.0000000,99500.0000000,194275
25/06/07,000000,98700.0000000,100950.0000000,98400.0000000,100019.8800000,123881
02/07/07,000000,100003.3000000,101499.0000000,99900.0000000,101398.8700000,96952
09/07/07,000000,101630.9000000,107900.0000000,101398.8700000,106600.0000000,232099
16/07/07,000000,106600.0000000,108080.0000000,108.0100000,109.2000000,20289001
23/07/07,000000,109.8900000,113.0500000,100.8100000,102.4100000,209894283
30/07/07,000000,102.8000000,105.6400000,100.3300000,102.2800000,150446213
06/08/07,000000,100.8800000,103.8900000,94.3100000,95.5500000,211766640
13/08/07,000000,96.6000000,97.8000000,88.3100000,94.8000000,263308547
20/08/07,000000,95.2500000,96.4400000,89.6000000,93.8100000,248269808
27/08/07,000000,95.1800000,97.7300000,92.0100000,97.3900000,183969834
03/09/07,000000,97.8000000,98.9700000,93.4000000,94.2000000,167335619
10/09/07,000000,93.6000000,96.8500000,93.2000000,96.1000000,118206013
17/09/07,000000,96.1000000,103.8000000,94.5000000,101.8300000,290086533
24/09/07,000000,102.0300000,103.6900000,98.4500000,103.5000000,223266209
01/10/07,000000,102.8800000,105.8000000,100.2000000,102.3000000,335631024
08/10/07,000000,103.0800000,108.8500000,102.6000000,108.5000000,324843803
15/10/07,000000,109.1700000,110.3800000,105.9900000,107.4100000,223112437
22/10/07,000000,105.1100000,108.5300000,104.3500000,107.7500000,239627998
29/10/07,000000,108.4900000,108.9300000,103.6300000,105.9900000,376627155
05/11/07,000000,105.2800000,107.7000000,104.9200000,105.2500000,159964851
12/11/07,000000,104.4800000,106.5000000,103.2000000,103.6000000,172779346
19/11/07,000000,103.8600000,104.2500000,96.8000000,99.2600000,231099121
26/11/07,000000,100.5200000,104.2500000,98.7800000,103.7400000,289762118
03/12/07,000000,103.9400000,105.5800000,102.5000000,104.8000000,230116768
10/12/07,000000,104.6800000,109.5100000,103.4400000,104.7000000,333859694
17/12/07,000000,103.6000000,106.9300000,102.1700000,105.6900000,193797410
24/12/07,000000,106.5000000,106.7900000,101.8300000,102.0000000,106263492
07/01/08,000000,101.9900000,105.4500000,100.7200000,104.7000000,104684254
14/01/08,000000,104.2800000,106.6000000,97.3500000,98.8000000,286337158
21/01/08,000000,97.1200000,99.4000000,75.0100000,94.3000000,462510188
28/01/08,000000,91.0000000,94.7400000,87.0800000,90.2000000,360308932
04/02/08,000000,92.5000000,92.9000000,82.1700000,83.8900000,374528668
11/02/08,000000,83.8000000,87.8300000,82.0500000,83.4000000,406345100
18/02/08,000000,83.8000000,85.6700000,81.8500000,82.9900000,319939976
25/02/08,000000,84.1100000,86.4000000,79.6200000,80.2000000,255605962
03/03/08,000000,78.2000000,79.7000000,74.1100000,74.8600000,427048618
10/03/08,000000,74.9000000,80.6500000,73.8000000,76.7700000,414856438
17/03/08,000000,74.8700000,76.9000000,71.1100000,74.4600000,565123338
24/03/08,000000,74.6300000,78.0000000,72.2300000,73.7500000,529383710
31/03/08,000000,72.9000000,79.6700000,72.4000000,77.3500000,679980000
07/04/08,000000,78.0200000,79.6200000,74.1200000,74.4000000,439887355
14/04/08,000000,73.4500000,76.9100000,72.7300000,76.5600000,575053406
21/04/08,000000,77.0500000,77.1000000,73.1200000,74.8800000,399932419
28/04/08,000000,75.1500000,77.6500000,74.8700000,80.3400000,348757303
05/05/08,000000,79.9900000,83.4800000,77.7800000,81.4500000,558119335
12/05/08,000000,80.8800000,86.1000000,80.2500000,85.7000000,648029920
19/05/08,000000,86.0300000,88.8700000,85.1700000,86.3200000,572627266
26/05/08,000000,85.8600000,86.1800000,82.3000000,85.2000000,344848431
02/06/08,000000,85.1200000,85.4900000,77.8200000,78.6200000,435370993
09/06/08,000000,78.9200000,79.8500000,77.5100000,78.5000000,172122546
16/06/08,000000,79.4400000,81.7900000,78.5000000,79.0000000,348579521
23/06/08,000000,78.4600000,79.0000000,75.3500000,75.9900000,325669664
30/06/08,000000,75.8800000,76.2000000,70.3700000,72.3200000,418863292
07/07/08,000000,72.8900000,75.8500000,70.7600000,72.7700000,427320013
14/07/08,000000,73.3400000,77.8500000,70.2500000,75.3500000,621460644
21/07/08,000000,76.2300000,77.3000000,68.5400000,70.2500000,515093841
28/07/08,000000,70.9900000,72.4500000,66.0100000,67.6600000,636911975
04/08/08,000000,67.5000000,67.8900000,59.6100000,59.7500000,610461882
11/08/08,000000,59.5000000,69.7300000,54.5300000,65.6300000,670435504
18/08/08,000000,66.2500000,66.8000000,60.5300000,62.9200000,477109737
25/08/08,000000,63.3800000,63.4200000,51.0000000,57.4000000,620658686
01/09/08,000000,56.3200000,61.8900000,50.2800000,54.4000000,705862281
08/09/08,000000,57.6600000,59.4500000,44.5000000,47.6000000,1065510633
15/09/08,000000,45.4700000,46.1500000,26.3100000,43.9900000,644322632
22/09/08,000000,46.6400000,48.5000000,40.7500000,43.7800000,429093102
29/09/08,000000,43.5900000,44.9900000,37.1500000,42.1000000,582432079
06/10/08,000000,39.2300000,39.8100000,29.5000000,31.5400000,427384491
13/10/08,000000,33.5400000,35.4600000,25.1100000,26.1800000,1001030062
20/10/08,000000,28.0000000,28.3000000,17.0500000,17.5000000,1125811049
27/10/08,000000,17.9000000,30.1800000,16.7700000,28.3900000,1026121656
03/11/08,000000,31.5000000,34.3000000,21.1000000,28.8000000,734199560
10/11/08,000000,30.6100000,32.6500000,21.2000000,25.1800000,793641029
17/11/08,000000,25.1500000,25.9400000,21.6300000,22.7400000,1137643181
24/11/08,000000,23.9800000,27.3300000,22.8500000,23.2100000,1102570083
01/12/08,000000,23.1900000,23.6800000,20.0100000,20.4400000,893874638
08/12/08,000000,21.6700000,22.1900000,20.7800000,22.0700000,869053331
15/12/08,000000,22.6500000,23.7500000,20.9000000,22.2000000,874585230
22/12/08,000000,22.1400000,24.0000000,21.8000000,22.1200000,624794988
29/12/08,000000,22.3800000,23.3100000,21.5200000,22.7900000,162638380
05/01/09,000000,23.3000000,23.4500000,22.9000000,22.9800000,29329215
12/01/09,000000,22.9300000,23.4500000,19.8200000,19.9900000,542633318
19/01/09,000000,20.2000000,20.2300000,14.1500000,15.2000000,998202675
26/01/09,000000,15.4800000,17.5800000,14.6900000,16.4400000,1524654764
02/02/09,000000,16.2600000,16.3700000,14.8200000,15.5800000,1154002773
09/02/09,000000,15.6300000,19.5300000,15.4600000,18.9900000,3061115380
16/02/09,000000,18.8800000,19.1000000,13.5000000,14.4000000,2134336250
23/02/09,000000,13.9900000,14.9900000,13.8800000,14.2700000,1211578508
02/03/09,000000,13.8000000,16.6200000,13.7500000,15.8100000,2097114408
09/03/09,000000,16.0600000,17.7300000,16.0500000,16.9000000,2168560456
16/03/09,000000,16.9200000,25.0300000,16.8500000,22.9000000,4792355028
23/03/09,000000,24.0100000,26.8900000,22.0200000,22.6300000,3838020019
30/03/09,000000,21.8800000,23.8200000,19.9500000,22.9000000,2814976022
06/04/09,000000,23.7000000,27.5900000,22.1500000,26.8500000,4034127268
13/04/09,000000,26.7400000,29.9400000,26.2500000,28.8500000,4059503758
20/04/09,000000,28.7800000,28.9600000,25.0500000,27.7500000,3224031419
27/04/09,000000,27.5100000,28.2200000,25.6300000,27.8000000,1701478329
04/05/09,000000,28.4000000,32.5500000,28.0600000,32.2700000,2647711661
11/05/09,000000,31.2200000,35.4900000,30.3400000,32.9800000,2545837293
18/05/09,000000,32.1700000,40.1900000,31.6100000,39.0100000,4212347771
25/05/09,000000,39.1500000,44.5300000,37.5600000,44.1300000,2960694742
01/06/09,000000,45.9100000,56.9000000,45.7300000,50.7500000,4478253712
08/06/09,000000,49.3800000,51.4500000,47.2300000,47.9800000,1545703479
15/06/09,000000,46.8600000,46.8700000,40.2600000,41.1000000,2893421097
22/06/09,000000,40.4700000,43.7400000,31.1900000,39.7200000,4768996262
29/06/09,000000,39.0000000,41.3000000,36.6000000,38.5400000,2633598646
06/07/09,000000,37.5300000,38.2700000,34.3100000,34.3600000,2229528957
13/07/09,000000,33.3900000,38.4200000,32.5000000,38.0200000,3166539209
20/07/09,000000,38.6500000,41.6000000,38.5700000,40.8500000,2624057050
27/07/09,000000,41.6100000,43.4500000,39.2000000,42.3900000,2862821190
03/08/09,000000,43.1300000,48.4800000,43.0900000,47.8000000,4000413027
10/08/09,000000,47.5900000,49.4000000,45.2800000,46.7000000,3066500814
17/08/09,000000,45.2000000,49.0000000,44.3300000,48.7100000,2222327312
24/08/09,000000,49.5000000,50.0700000,47.4000000,48.2700000,2009875595
31/08/09,000000,47.5900000,56.1200000,47.0500000,53.1300000,2447385575
07/09/09,000000,54.5100000,59.7500000,53.1300000,59.2000000,2281952658
14/09/09,000000,58.0000000,63.2900000,56.8000000,57.6900000,1820036352
21/09/09,000000,57.9600000,62.2600000,54.8200000,59.6500000,2363194969
28/09/09,000000,58.9900000,61.7300000,55.6600000,58.5500000,1718199928
05/10/09,000000,58.8700000,69.3500000,57.7300000,68.4300000,2155187506
12/10/09,000000,69.3300000,72.2900000,64.6700000,64.9700000,2041334295
19/10/09,000000,65.6600000,71.2000000,64.7600000,69.8100000,2218228568
26/10/09,000000,69.3000000,70.8100000,62.8700000,64.6100000,2063300957
02/11/09,000000,64.0600000,66.6400000,61.7500000,65.0000000,1553666733
09/11/09,000000,65.9000000,71.1700000,65.8100000,69.8400000,1412188024
16/11/09,000000,70.9300000,74.8900000,69.8500000,71.2000000,1588651813
23/11/09,000000,72.3700000,72.9300000,63.2000000,67.4000000,1451681586
30/11/09,000000,68.4100000,74.9300000,66.7400000,74.6200000,1448092126
07/12/09,000000,73.9900000,75.8400000,72.0000000,74.9900000,1141119551
14/12/09,000000,75.8100000,84.4000000,74.9600000,81.1900000,1234286015
21/12/09,000000,82.1300000,82.6500000,79.4100000,80.9200000,648037448
28/12/09,000000,81.2100000,83.8000000,79.8000000,82.9400000,162396058
11/01/10,000000,86.5600000,88.6700000,84.1000000,88.1500000,660945851
18/01/10,000000,87.8600000,92.4900000,85.7500000,86.5000000,1109164608
25/01/10,000000,85.6800000,88.8000000,84.9500000,88.4100000,939670029
01/02/10,000000,87.6100000,89.8000000,80.8900000,83.0900000,931814642
08/02/10,000000,83.0000000,84.0500000,78.1000000,80.0000000,1331580729
15/02/10,000000,80.0300000,83.9400000,76.5800000,79.1700000,993127255
22/02/10,000000,78.5900000,79.3200000,73.2300000,76.3000000,753210107
01/03/10,000000,77.0000000,87.4000000,76.7100000,87.2000000,1368934441
08/03/10,000000,86.9800000,90.1000000,86.4000000,89.1000000,960018515
15/03/10,000000,88.3000000,90.9200000,87.6300000,88.0400000,993904066
22/03/10,000000,87.5100000,87.6900000,84.4700000,84.6000000,918662287
29/03/10,000000,84.5000000,88.8600000,84.0500000,88.1800000,768298203
05/04/10,000000,88.5100000,89.1400000,84.4000000,86.8800000,685535598
12/04/10,000000,87.7500000,90.2700000,85.6300000,86.9900000,668672894
19/04/10,000000,85.6000000,88.0000000,82.8100000,84.4200000,831606933
26/04/10,000000,85.3800000,85.8400000,77.8200000,78.6000000,832271950
03/05/10,000000,79.1900000,80.0900000,69.5100000,70.3500000,1168808905
10/05/10,000000,73.6000000,84.7300000,71.1500000,77.4300000,1307896226
17/05/10,000000,75.3000000,78.2800000,67.1600000,69.3000000,1713201136
24/05/10,000000,70.9900000,72.0700000,63.8100000,70.2000000,1801807871
31/05/10,000000,70.2900000,73.5300000,68.0800000,70.2500000,1200242265
07/06/10,000000,67.6500000,73.8000000,67.4000000,72.1900000,1277281889
14/06/10,000000,72.6500000,80.3000000,72.2400000,80.3000000,1078108761
21/06/10,000000,82.0100000,84.5600000,77.7000000,78.0000000,1020648335
28/06/10,000000,78.5400000,80.7000000,71.5000000,72.9800000,1137420854
05/07/10,000000,73.0600000,79.4500000,72.7600000,77.6600000,1010899900
12/07/10,000000,77.0000000,84.2700000,76.9500000,79.0700000,1260956820
19/07/10,000000,78.6500000,84.2000000,78.5000000,83.0100000,1042111407
26/07/10,000000,84.1100000,86.7000000,83.1000000,84.5600000,916858060
02/08/10,000000,85.4000000,86.9000000,82.4600000,82.8300000,768660873
09/08/10,000000,83.5000000,84.2000000,79.8400000,80.7100000,710619009
16/08/10,000000,81.1600000,81.7500000,78.0400000,78.3700000,757291176
23/08/10,000000,78.4900000,78.9600000,73.5500000,77.0100000,1017479009
30/08/10,000000,78.0000000,82.3500000,75.7200000,81.7200000,795829107
06/09/10,000000,82.1100000,84.5000000,79.4200000,83.3600000,751687014
13/09/10,000000,84.5500000,85.8600000,82.0500000,82.1500000,794697164
20/09/10,000000,82.5000000,85.0000000,81.6500000,84.8100000,674311601
27/09/10,000000,85.2600000,89.9200000,82.5400000,89.0900000,874763909
04/10/10,000000,89.3000000,92.9900000,88.9500000,90.5000000,873582673
11/10/10,000000,90.9800000,92.5400000,90.0700000,92.5300000,760080924
18/10/10,000000,92.0000000,104.4400000,91.7400000,101.9000000,1315773497
25/10/10,000000,103.5000000,104.2000000,98.3500000,101.3600000,748422827
01/11/10,000000,102.3400000,103.7500000,101.6100000,103.3000000,341024293
08/11/10,000000,105.5800000,106.4700000,95.8600000,97.8000000,1018147586
15/11/10,000000,98.1500000,99.9300000,94.7700000,98.7000000,1062726535
22/11/10,000000,99.7300000,103.1000000,97.3500000,101.3600000,957997559
29/11/10,000000,102.2600000,104.3100000,99.6200000,103.0300000,894588423
06/12/10,000000,103.4200000,108.9000000,102.9500000,104.9200000,1091361433
13/12/10,000000,105.8000000,108.2500000,105.4400000,105.7000000,650175626
20/12/10,000000,105.4900000,107.6400000,105.1100000,106.2300000,333387273
27/12/10,000000,106.2500000,106.3900000,103.2500000,104.1800000,221465938
10/01/11,000000,104.9900000,108.8700000,102.5000000,107.2100000,640698379
17/01/11,000000,107.3200000,110.9500000,104.2700000,105.6100000,795926657
24/01/11,000000,106.0200000,109.9200000,102.6100000,106.3800000,776186386
31/01/11,000000,105.7900000,107.3500000,102.3800000,102.8000000,804160144
07/02/11,000000,103.3600000,103.8600000,96.2000000,101.0400000,1066340493
14/02/11,000000,102.0000000,103.0900000,98.6500000,100.8200000,887877077
21/02/11,000000,100.8500000,102.0000000,95.5000000,100.3400000,734359794
28/02/11,000000,100.8300000,103.0000000,97.8500000,101.5500000,893897691
07/03/11,000000,101.8500000,103.4800000,97.2500000,98.7500000,644657040
14/03/11,000000,97.9600000,100.3000000,93.7100000,100.1600000,1248250360
21/03/11,000000,100.9200000,107.1500000,99.5000000,106.9400000,1142001800
28/03/11,000000,106.4900000,109.1000000,105.5500000,108.7200000,732362640
04/04/11,000000,108.8100000,109.5500000,105.8800000,109.1000000,764408020
11/04/11,000000,109.0000000,109.7600000,103.6400000,105.9200000,815570990
18/04/11,000000,105.2800000,105.3600000,99.7700000,103.9200000,676684940
25/04/11,000000,104.3600000,104.5800000,99.2600000,100.0000000,617665750
02/05/11,000000,99.9000000,100.1700000,94.6600000,98.2000000,727204500
09/05/11,000000,97.7700000,99.2700000,95.1500000,97.9900000,595702900
16/05/11,000000,97.0500000,98.6900000,93.9300000,94.0000000,675446200
23/05/11,000000,92.9900000,97.3500000,91.5000000,97.1000000,723403050
30/05/11,000000,96.9500000,98.9500000,94.1900000,95.0200000,548048970
06/06/11,000000,95.1100000,99.4200000,93.2600000,97.5500000,726884370
13/06/11,000000,98.2000000,98.7800000,95.2500000,95.3300000,496655910
20/06/11,000000,94.8000000,97.2000000,93.8600000,97.1500000,582964960
27/06/11,000000,96.6000000,104.8500000,95.6700000,104.5000000,852726380
04/07/11,000000,104.9900000,107.7000000,103.2500000,105.2700000,746623490
11/07/11,000000,104.8200000,105.8900000,100.8100000,105.4600000,892330090
18/07/11,000000,105.1200000,105.3600000,99.8600000,101.8000000,925139410
25/07/11,000000,100.7100000,103.4700000,100.1400000,101.7500000,610374950
01/08/11,000000,103.1100000,104.1000000,94.1200000,95.8500000,1021864420
08/08/11,000000,93.1500000,95.0300000,79.2100000,85.5000000,1978755620
15/08/11,000000,86.7000000,88.3900000,75.9500000,78.7800000,1259769470
22/08/11,000000,77.1800000,81.5300000,75.5800000,77.7900000,1683478650
29/08/11,000000,79.3000000,85.3600000,79.0200000,82.4000000,1328799570
05/09/11,000000,81.4400000,85.6000000,79.4000000,83.2000000,1388996930
12/09/11,000000,81.4000000,82.4800000,78.3500000,81.4900000,1486053340
19/09/11,000000,80.8900000,82.5900000,67.1600000,69.9900000,1549756750
26/09/11,000000,68.9400000,75.7400000,66.0200000,70.4400000,1855544060
03/10/11,000000,68.3600000,69.8700000,60.9100000,68.2200000,2139740140
10/10/11,000000,68.7800000,80.8800000,67.0400000,80.7200000,2261749030
17/10/11,000000,81.6100000,84.5500000,75.8500000,81.9000000,2489298150
24/10/11,000000,83.2000000,86.9500000,80.7100000,85.4000000,1793340830
31/10/11,000000,84.4800000,85.1400000,75.8500000,80.9000000,1581604700
07/11/11,000000,81.0800000,86.0900000,76.5200000,80.8000000,1979130830
14/11/11,000000,81.9000000,82.4300000,77.6500000,80.0300000,1647152850
21/11/11,000000,79.0200000,79.3700000,73.7500000,78.6000000,1396555640
28/11/11,000000,80.0000000,91.2800000,79.5200000,89.5000000,1820724840
05/12/11,000000,89.5600000,90.5200000,81.6500000,82.2600000,1473704710
12/12/11,000000,83.5100000,84.8000000,78.0300000,80.6200000,1555677230
19/12/11,000000,80.1500000,83.7700000,78.9200000,80.0000000,1000874380
26/12/11,000000,80.4900000,81.9500000,77.2000000,79.4000000,404770940
02/01/12,000000,80.1200000,84.4800000,80.1200000,83.2000000,451548560
09/01/12,000000,82.5900000,87.2500000,82.4200000,83.6000000,972147330
16/01/12,000000,83.0000000,86.2800000,82.5500000,85.1300000,882228060
23/01/12,000000,84.9500000,91.2800000,83.8200000,90.8000000,1300431320
30/01/12,000000,90.1400000,94.7900000,88.8600000,94.5200000,1011878100
06/02/12,000000,94.7800000,96.3700000,92.8500000,93.9400000,912001160
13/02/12,000000,94.6300000,97.7700000,94.6300000,96.7600000,833386280
20/02/12,000000,97.6100000,99.2200000,95.2400000,99.0200000,596481130
27/02/12,000000,98.5800000,101.7500000,98.3200000,101.6000000,818554280
05/03/12,000000,101.7600000,103.3000000,96.6800000,99.5700000,604472910
12/03/12,000000,99.1600000,103.8500000,98.3800000,100.1800000,1051654390
19/03/12,000000,100.9200000,101.6300000,95.7200000,97.6000000,813968350
26/03/12,000000,98.0900000,100.9400000,93.4000000,94.8600000,943943620
02/04/12,000000,95.4000000,98.2300000,94.4600000,95.6400000,866404630
09/04/12,000000,95.3300000,97.1600000,93.5100000,94.1800000,787546260
16/04/12,000000,93.5900000,95.2900000,91.1400000,95.0000000,758295370
23/04/12,000000,94.5500000,94.7100000,91.4400000,93.9500000,568220670
30/04/12,000000,94.4200000,95.6900000,90.0900000,90.4200000,390466540
07/05/12,000000,89.0200000,91.8400000,86.0000000,90.9900000,424775340
14/05/12,000000,90.4800000,90.5500000,75.3000000,78.1900000,1154074770
21/05/12,000000,78.9500000,83.3600000,77.8000000,79.8700000,978525920
28/05/12,000000,80.8500000,84.1700000,77.9500000,78.8600000,984828480
04/06/12,000000,77.4700000,83.7500000,76.2500000,81.5800000,893659960
11/06/12,000000,82.0200000,84.7700000,81.5000000,84.3400000,382047880
18/06/12,000000,85.2400000,87.2600000,83.3800000,83.7600000,590149000
25/06/12,000000,83.7000000,86.4600000,81.9200000,86.3900000,541996550
02/07/12,000000,86.1900000,92.4300000,85.7600000,89.2000000,643992460
09/07/12,000000,88.9000000,91.7500000,88.3700000,90.9800000,528799950
16/07/12,000000,91.0000000,92.9000000,90.1200000,90.1200000,437515250
23/07/12,000000,89.2600000,90.4400000,83.0100000,90.3100000,765218060
30/07/12,000000,90.5300000,91.8700000,87.4000000,91.6600000,567066600
06/08/12,000000,91.9200000,95.3500000,91.4000000,92.8500000,593822120
13/08/12,000000,93.1200000,94.4400000,91.7200000,92.0500000,447244020
20/08/12,000000,92.2600000,95.0500000,91.1200000,92.9100000,521484670
27/08/12,000000,93.4400000,95.4800000,92.4800000,93.1600000,496791270
03/09/12,000000,93.2100000,95.7600000,92.2200000,93.8600000,532081400
10/09/12,000000,93.5900000,98.0900000,92.4000000,97.0500000,580012790
17/09/12,000000,96.3300000,96.6700000,92.6200000,94.1600000,919931800
24/09/12,000000,93.8300000,94.4600000,89.4500000,90.9900000,521785380
01/10/12,000000,90.6100000,93.5200000,90.6100000,93.0200000,474525400
08/10/12,000000,92.7000000,93.0800000,91.2500000,91.5000000,342422420
15/10/12,000000,91.5000000,94.0700000,90.9500000,93.1900000,358814930
22/10/12,000000,92.7000000,94.3800000,91.3600000,91.9500000,357066060
29/10/12,000000,91.6500000,92.6400000,90.2000000,91.9500000,288870730
05/11/12,000000,91.8000000,91.9200000,84.8200000,85.8000000,377454300
12/11/12,000000,86.0300000,86.9500000,83.7500000,85.9800000,385010450
19/11/12,000000,86.6100000,89.4100000,86.1000000,89.3100000,316136620
26/11/12,000000,89.4100000,91.6000000,87.3000000,91.4100000,500416420
03/12/12,000000,91.4500000,94.1100000,90.8400000,93.2000000,416549300
10/12/12,000000,93.4100000,94.1900000,92.6800000,93.4200000,289695950
17/12/12,000000,93.5600000,96.0300000,93.0100000,93.5000000,315332140
24/12/12,000000,93.1600000,93.5100000,91.6000000,92.9400000,166194120
07/01/13,000000,96.5000000,99.7600000,96.1200000,99.5600000,271572450
14/01/13,000000,99.7200000,103.5500000,99.1900000,103.4800000,424892820
21/01/13,000000,103.5500000,103.9500000,101.9200000,103.6700000,422720880
28/01/13,000000,103.9600000,110.4700000,103.9300000,108.3600000,713159410
04/02/13,000000,108.7700000,110.0800000,105.0100000,107.0800000,397384010
11/02/13,000000,107.0100000,111.5000000,105.0500000,105.0800000,476378090
18/02/13,000000,105.1500000,109.0000000,104.3800000,106.1200000,354024230
25/02/13,000000,106.3500000,107.0000000,102.6000000,103.0900000,326062830
04/03/13,000000,102.8000000,105.9600000,102.1500000,105.3100000,246415630
11/03/13,000000,106.1300000,107.4800000,103.7500000,104.4200000,344496610
18/03/13,000000,102.5000000,103.5200000,98.8600000,99.3700000,557294640
25/03/13,000000,100.4500000,101.1800000,95.3500000,98.8600000,476072480
01/04/13,000000,98.2300000,101.1000000,97.7500000,99.2600000,355278600
08/04/13,000000,99.7700000,103.7400000,98.1600000,98.3600000,322670030
15/04/13,000000,97.3700000,97.8300000,93.7000000,96.4000000,386182330
22/04/13,000000,97.0700000,99.4000000,94.0000000,95.8000000,377956060
29/04/13,000000,95.6000000,103.0100000,94.6000000,103.0000000,232756960
06/05/13,000000,103.3500000,105.9000000,101.6200000,103.5700000,248496350
13/05/13,000000,103.5200000,105.2500000,101.8000000,105.1900000,327464220
20/05/13,000000,105.6000000,111.4400000,102.3800000,103.0800000,461953870
27/05/13,000000,103.4400000,104.8700000,97.7500000,99.0500000,363524730
03/06/13,000000,97.7900000,101.5000000,96.3000000,99.2000000,407278370
10/06/13,000000,99.8000000,100.6300000,90.3700000,93.7000000,372199260
17/06/13,000000,94.0600000,96.9000000,90.1000000,91.5000000,388875230
24/06/13,000000,90.5200000,94.6500000,88.5400000,93.6800000,431982280
01/07/13,000000,93.8400000,95.7700000,92.3200000,93.2000000,304161790
08/07/13,000000,93.0000000,98.7500000,90.7500000,98.5700000,384977260
15/07/13,000000,98.8000000,101.5000000,97.6600000,99.9900000,446927380
22/07/13,000000,100.0000000,100.4300000,94.7500000,94.8100000,411584300
29/07/13,000000,94.7600000,97.8900000,93.6600000,96.9900000,287318740
05/08/13,000000,96.9000000,97.4700000,93.3200000,95.7000000,245950430
12/08/13,000000,95.7000000,98.2500000,93.5700000,93.8000000,314455530
19/08/13,000000,93.9200000,94.4100000,89.8000000,91.9100000,398856710
26/08/13,000000,92.4000000,92.8500000,87.7500000,88.2300000,331530950
02/09/13,000000,88.9200000,95.0000000,88.5300000,92.4700000,466286010
09/09/13,000000,93.0200000,96.9200000,93.0100000,95.8200000,450373180
16/09/13,000000,96.7500000,103.6300000,96.7100000,102.3600000,527776860
23/09/13,000000,102.1300000,102.6900000,98.5800000,98.5900000,398787340
30/09/13,000000,97.7700000,100.4000000,97.1000000,100.3900000,382244250
07/10/13,000000,99.7000000,104.3600000,99.1200000,102.8700000,496780500
14/10/13,000000,102.3900000,105.6400000,101.7100000,105.1400000,450054730
21/10/13,000000,105.4400000,105.9500000,102.0200000,102.9900000,359298160
28/10/13,000000,103.6000000,104.1800000,101.7000000,103.6500000,366375090
04/11/13,000000,104.0600000,104.4300000,101.5700000,101.8600000,291139790
11/11/13,000000,102.5100000,104.9800000,101.1100000,103.6900000,488440110
18/11/13,000000,103.9800000,106.8000000,103.6000000,105.1000000,418030770
25/11/13,000000,105.5100000,106.2000000,101.8400000,103.0700000,388095560
02/12/13,000000,103.0900000,103.6600000,97.8800000,99.9000000,481667700
09/12/13,000000,100.2900000,101.3900000,98.4400000,98.9400000,452085030
16/12/13,000000,98.3800000,102.3000000,98.1200000,102.2000000,397189240
23/12/13,000000,102.4500000,102.8300000,100.6800000,100.6800000,187683690
30/12/13,000000,100.5100000,101.3900000,100.4500000,101.1700000,34094760
06/01/14,000000,100.2000000,100.3100000,97.5200000,99.2000000,170507210
13/01/14,000000,99.3000000,101.6400000,98.5100000,101.1700000,347947120
20/01/14,000000,100.9800000,102.9200000,99.6300000,99.7000000,363905950
27/01/14,000000,98.6300000,99.1100000,94.4000000,94.7000000,534185980
03/02/14,000000,94.9400000,97.3600000,93.2500000,96.5300000,417532140
10/02/14,000000,96.9300000,97.1400000,95.3000000,96.6500000,316389420
17/02/14,000000,97.1100000,98.0800000,93.6100000,95.0000000,313628860
24/02/14,000000,95.0000000,95.4800000,88.8700000,91.1600000,451438030
03/03/14,000000,85.4300000,86.8400000,74.9600000,79.9900000,1443194180
10/03/14,000000,79.1000000,79.7500000,65.3300000,71.7500000,976528730
17/03/14,000000,72.5200000,82.6000000,71.8700000,78.4700000,1288107500
24/03/14,000000,78.4700000,84.3400000,77.3400000,81.4700000,983292360
31/03/14,000000,81.3800000,84.6800000,80.8500000,82.9800000,750823890
07/04/14,000000,81.8700000,81.8700000,77.6500000,79.7500000,892832850
14/04/14,000000,79.1100000,79.4000000,73.6200000,78.8200000,967619650
21/04/14,000000,78.7900000,78.7900000,69.5600000,69.9100000,899963490
28/04/14,000000,68.9700000,74.6600000,67.9000000,72.2200000,739599910
05/05/14,000000,71.3500000,80.3700000,71.0100000,78.8000000,715948220
12/05/14,000000,78.8000000,82.3000000,77.7300000,79.2000000,806530930
19/05/14,000000,79.3000000,85.9800000,79.1700000,85.8300000,789942390
26/05/14,000000,85.9500000,87.6200000,83.7300000,84.5000000,622555560
02/06/14,000000,84.8000000,89.1800000,84.6600000,89.0000000,638574780
09/06/14,000000,89.2100000,89.6000000,87.8700000,89.0000000,238551510
16/06/14,000000,84.4800000,85.7200000,83.1200000,84.1600000,527388800
23/06/14,000000,84.2300000,86.6000000,83.4100000,84.3300000,520700160
30/06/14,000000,84.4500000,86.5000000,83.0300000,84.0000000,401260330
07/07/14,000000,84.1500000,86.6900000,83.3700000,84.5500000,443791270
14/07/14,000000,84.6500000,85.1900000,79.5900000,80.2700000,527638880
21/07/14,000000,80.3200000,80.4000000,75.0000000,75.1600000,641705210
28/07/14,000000,74.5700000,75.8300000,71.5200000,72.3700000,798155080
04/08/14,000000,72.7800000,73.5900000,66.1000000,70.7000000,878585840
11/08/14,000000,72.0100000,76.0000000,72.0100000,75.0500000,746932350
18/08/14,000000,75.1800000,78.8900000,74.7700000,78.3900000,561033910
25/08/14,000000,78.5300000,79.6900000,72.5600000,73.2100000,704166440
01/09/14,000000,73.5000000,81.3000000,72.5200000,80.2500000,863028040
08/09/14,000000,80.2500000,80.3900000,75.1300000,76.6500000,598313460
15/09/14,000000,76.3500000,79.3000000,75.4500000,77.4000000,644044660
22/09/14,000000,77.2000000,80.1500000,75.8900000,77.6000000,537909060
29/09/14,000000,77.9600000,78.3800000,72.5700000,73.7700000,631842280
06/10/14,000000,74.3700000,76.6000000,72.0600000,73.5000000,639920060
13/10/14,000000,72.7900000,75.3600000,70.9500000,73.1500000,673940010
20/10/14,000000,73.4000000,73.9300000,70.8500000,72.4900000,545072200
27/10/14,000000,73.2100000,76.8400000,72.2500000,76.2300000,655759570
03/11/14,000000,76.0800000,77.6500000,74.4100000,75.6900000,455435420
10/11/14,000000,76.3600000,78.7000000,73.1000000,74.1500000,622197110
17/11/14,000000,73.7700000,75.5400000,72.9300000,74.3900000,498317930
24/11/14,000000,74.8600000,75.4000000,71.4200000,72.2500000,452356250
01/12/14,000000,71.8900000,74.4700000,68.4000000,68.6000000,710160930
08/12/14,000000,69.1500000,69.6700000,62.6100000,64.2000000,883475170
15/12/14,000000,64.0000000,65.8000000,47.2100000,61.4400000,1629277740
22/12/14,000000,63.1500000,64.2000000,51.5100000,57.1300000,876522930
29/12/14,000000,57.0100000,58.2900000,51.6000000,54.9000000,233856770
05/01/15,000000,54.0300000,67.7700000,53.5800000,63.1000000,428397380
12/01/15,000000,62.2200000,63.8400000,59.2500000,61.9900000,746397300
19/01/15,000000,61.5900000,66.7200000,60.2700000,64.4500000,688192950
26/01/15,000000,63.7500000,63.8800000,57.2000000,61.5000000,826481980
02/02/15,000000,62.0000000,64.8800000,59.9000000,64.3100000,772722270
09/02/15,000000,64.3000000,70.7500000,63.8500000,70.6000000,1265736000
16/02/15,000000,70.7200000,76.8400000,69.6700000,74.7500000,1027958310
23/02/15,000000,71.9700000,76.7500000,71.7600000,75.9100000,512121570
02/03/15,000000,76.3400000,77.4500000,71.8600000,73.2500000,638510000
09/03/15,000000,72.4900000,72.7100000,67.8100000,67.8700000,533459200
16/03/15,000000,67.5200000,67.8000000,63.8600000,67.0000000,719315230
23/03/15,000000,67.5300000,67.5500000,60.5700000,61.0000000,656701690
30/03/15,000000,60.8700000,66.4000000,60.6700000,65.5000000,620210250
06/04/15,000000,65.6500000,72.4500000,65.5700000,71.5000000,817512100
13/04/15,000000,71.8500000,77.5100000,71.4300000,72.5000000,787924370
20/04/15,000000,72.5000000,77.7000000,71.2200000,75.7500000,807219300
27/04/15,000000,76.0000000,76.9600000,73.9000000,76.9000000,417532510
04/05/15,000000,77.2100000,80.9800000,75.0700000,75.5000000,468074220
11/05/15,000000,75.4300000,76.7000000,73.6000000,75.0500000,364126360
18/05/15,000000,75.4500000,76.0500000,71.1500000,74.3500000,526112780
25/05/15,000000,74.3900000,76.1300000,72.4100000,73.5000000,471615940
01/06/15,000000,73.6900000,74.4900000,70.2000000,70.6100000,482889190
08/06/15,000000,70.8100000,72.5500000,68.4100000,72.5500000,416562980
15/06/15,000000,72.0200000,74.4100000,70.6000000,71.5600000,480409860
22/06/15,000000,72.0500000,72.5000000,70.4000000,70.6000000,327206360
29/06/15,000000,69.1800000,72.9700000,69.0300000,70.6700000,420312980
06/07/15,000000,69.9300000,71.2000000,66.5000000,71.0600000,580410090
13/07/15,000000,70.7800000,75.7300000,70.7700000,75.5200000,566652460
20/07/15,000000,75.4000000,75.9700000,70.2500000,70.4500000,523054780
27/07/15,000000,70.4000000,72.7900000,67.3500000,72.3000000,775199000
03/08/15,000000,71.5100000,74.4000000,70.4300000,74.2000000,537162570
10/08/15,000000,74.2000000,75.6700000,72.5200000,74.4300000,446886820
17/08/15,000000,73.9900000,74.1900000,69.8600000,69.8600000,513248150
24/08/15,000000,68.0500000,75.0600000,66.7500000,74.8200000,834022450
31/08/15,000000,74.3200000,74.9200000,72.2200000,73.9600000,611596770
07/09/15,000000,73.6900000,75.7500000,73.3600000,74.1000000,384126700
14/09/15,000000,73.8900000,77.9800000,73.8700000,75.5000000,461570990
21/09/15,000000,75.6000000,76.9800000,72.6700000,74.9700000,461626740
28/09/15,000000,74.9700000,76.7600000,72.9500000,73.8000000,446594780
05/10/15,000000,74.5500000,86.2000000,74.2900000,85.7700000,822124430
12/10/15,000000,85.8100000,90.0700000,83.8600000,88.5200000,642128480
19/10/15,000000,88.4800000,90.4500000,85.9200000,90.4500000,554185250
26/10/15,000000,90.8700000,92.7000000,87.3300000,90.5300000,620522910
02/11/15,000000,90.2500000,96.6000000,89.6600000,94.0900000,480617350
09/11/15,000000,94.4900000,94.8600000,92.0200000,93.4000000,385830190
16/11/15,000000,93.0900000,108.5500000,93.0100000,107.3000000,709850790
23/11/15,000000,106.8500000,110.7000000,103.7000000,104.5500000,620581500
30/11/15,000000,103.9000000,105.9000000,100.6000000,103.0500000,479327260
07/12/15,000000,103.4500000,104.9000000,96.9500000,98.1500000,549268990
14/12/15,000000,97.6000000,105.1800000,96.2300000,98.8100000,488522780
21/12/15,000000,98.9400000,103.8900000,97.6500000,101.3400000,300611380
28/12/15,000000,101.2500000,102.5000000,99.4600000,101.2600000,148445580
04/01/16,000000,101.0000000,101.7800000,96.8300000,96.8500000,140869540
11/01/16,000000,93.7000000,94.8900000,86.8500000,87.2700000,484100530
18/01/16,000000,86.3000000,92.2800000,82.2000000,91.5000000,698938670
25/01/16,000000,92.5500000,98.7000000,88.7400000,96.5000000,731535630
01/02/16,000000,96.3500000,98.4900000,93.7100000,97.2000000,533051980
08/02/16,000000,97.0500000,97.8600000,92.7000000,94.8500000,532962040
15/02/16,000000,96.0100000,103.5700000,94.9300000,102.3500000,612696040
22/02/16,000000,102.5800000,107.1500000,100.7900000,106.2400000,409095620
29/02/16,000000,105.5700000,109.2000000,104.8100000,108.9900000,468321370
07/03/16,000000,109.6300000,110.2000000,107.5000000,109.2600000,303479870
14/03/16,000000,109.2900000,112.5000000,106.0900000,112.4000000,495681900
21/03/16,000000,111.5000000,114.1900000,107.0500000,109.1000000,453237770
28/03/16,000000,109.9900000,110.5900000,105.3500000,108.5200000,428070040
04/04/16,000000,108.2200000,113.3000000,106.0000000,112.9200000,435894840
11/04/16,000000,112.9600000,119.9500000,112.6200000,119.3000000,533374640
18/04/16,000000,117.1200000,125.5500000,116.0100000,121.2500000,618111130
25/04/16,000000,121.0000000,125.7800000,116.7500000,123.5500000,434476560
02/05/16,000000,121.5000000,122.3900000,118.4100000,120.6400000,211073370
09/05/16,000000,119.8000000,124.3800000,118.5700000,121.0700000,297121250
16/05/16,000000,122.1000000,123.6200000,120.3000000,121.9000000,307663890
23/05/16,000000,121.3000000,134.7900000,120.1200000,133.2000000,439541560
30/05/16,000000,133.5500000,135.9800000,130.5100000,131.5900000,327014540
06/06/16,000000,132.1000000,142.0000000,132.0000000,133.5000000,359134560
13/06/16,000000,131.2100000,132.3700000,125.8500000,128.7000000,323294770
20/06/16,000000,132.4500000,138.2800000,129.1200000,133.4000000,307369650
27/06/16,000000,133.9000000,135.3400000,125.3500000,133.8500000,427156380
04/07/16,000000,134.6500000,135.8400000,127.8500000,134.4100000,305373370
11/07/16,000000,134.8000000,141.3500000,134.5200000,138.1200000,333860240
18/07/16,000000,138.3800000,141.1000000,137.4100000,137.8000000,229513310
25/07/16,000000,138.2500000,139.8100000,133.3300000,139.1500000,290061610
01/08/16,000000,140.0000000,141.2100000,134.2700000,138.6900000,237101950
08/08/16,000000,139.0200000,141.3900000,137.6800000,139.4500000,214589270
15/08/16,000000,140.2500000,141.0800000,135.5200000,135.8000000,252351310
22/08/16,000000,135.2000000,145.6000000,134.6000000,145.2500000,303813520
29/08/16,000000,144.4500000,147.0900000,142.5100000,146.8800000,237062940
05/09/16,000000,147.5100000,156.2500000,147.0900000,151.6000000,313257430
12/09/16,000000,149.7300000,152.1000000,147.0000000,147.0000000,225727160
19/09/16,000000,148.7900000,154.5000000,147.0400000,151.5000000,235040590
26/09/16,000000,149.9000000,152.4500000,144.6000000,145.3400000,246661610
03/10/16,000000,146.0000000,150.5000000,145.7500000,148.7400000,214455720
10/10/16,000000,149.3000000,152.4400000,145.7600000,146.7300000,209077940
17/10/16,000000,146.5200000,149.2000000,145.5400000,148.4200000,164740270
24/10/16,000000,149.2300000,152.2300000,148.3200000,149.2000000,160586680
31/10/16,000000,148.9400000,148.9800000,141.6000000,142.7500000,172187910
07/11/16,000000,143.6200000,155.5700000,142.5000000,151.5100000,341581930
14/11/16,000000,152.4800000,152.8500000,148.7500000,150.0500000,198473790
21/11/16,000000,150.9300000,163.4200000,150.9000000,160.3600000,282678710
28/11/16,000000,160.1000000,161.1200000,157.1000000,159.4000000,242130300
05/12/16,000000,158.7600000,170.8700000,158.4300000,169.6600000,323092190
12/12/16,000000,172.0000000,178.9300000,171.3500000,173.9000000,357510770
19/12/16,000000,174.7500000,185.3400000,168.5500000,171.1500000,262498230
26/12/16,000000,171.2100000,173.6300000,167.5500000,173.2500000,162937460
02/01/17,000000,173.4100000,181.6800000,169.5000000,170.6900000,165642640
09/01/17,000000,171.3700000,173.0500000,163.8800000,164.9000000,282483080
16/01/17,000000,165.2100000,168.1900000,163.3400000,167.4900000,196936880
23/01/17,000000,167.3100000,178.9200000,164.5300000,178.9200000,251441100
30/01/17,000000,177.5000000,178.0000000,171.7500000,173.8000000,200169000
06/02/17,000000,174.3000000,174.9800000,165.4000000,165.5000000,208619900
13/02/17,000000,166.0600000,167.1200000,160.0000000,165.4900000,253093680
20/02/17,000000,166.3700000,168.3800000,163.9300000,165.5100000,136801570
27/02/17,000000,166.0000000,166.3400000,155.7000000,164.4000000,275260490
06/03/17,000000,164.5100000,165.9900000,155.2300000,157.5000000,196469590
13/03/17,000000,157.4700000,162.8500000,155.8600000,161.1500000,275668680
20/03/17,000000,161.5300000,165.9000000,159.7500000,164.5200000,193488810
27/03/17,000000,163.0300000,164.9000000,159.5100000,159.8000000,147789700
03/04/17,000000,160.5000000,168.4500000,159.8400000,161.4900000,197673310
10/04/17,000000,161.1400000,161.3900000,148.6000000,149.2400000,274969070
17/04/17,000000,149.4000000,160.3000000,147.6200000,159.5900000,269265760
24/04/17,000000,161.1300000,166.0000000,161.0000000,165.2000000,222061890
01/05/17,000000,166.0000000,168.3400000,163.6300000,165.8000000,148906380
08/05/17,000000,167.0100000,172.3900000,166.4100000,167.7000000,140098240
15/05/17,000000,168.5100000,172.0000000,164.7000000,168.8700000,213280550
22/05/17,000000,170.4800000,170.4800000,160.6200000,160.7000000,196196330
29/05/17,000000,160.9900000,164.2200000,151.6200000,157.1400000,241583390
05/06/17,000000,157.1100000,158.8900000,148.2500000,150.1300000,240047840
12/06/17,000000,145.4000000,147.3000000,136.2000000,141.6300000,373952220
19/06/17,000000,142.5000000,147.1000000,141.7800000,144.1000000,258756020
26/06/17,000000,144.8500000,147.2000000,142.8800000,145.5900000,258959810
03/07/17,000000,146.6900000,152.5000000,146.2200000,152.1600000,234976030
10/07/17,000000,152.3700000,162.6200000,152.3600000,161.4000000,306503520
17/07/17,000000,161.8000000,164.9100000,159.8200000,162.1000000,209829810
24/07/17,000000,161.2900000,166.0000000,158.6000000,165.4000000,248420620
31/07/17,000000,165.5200000,170.9800000,163.8800000,169.7300000,249775640
07/08/17,000000,170.4700000,175.8800000,168.6400000,172.0500000,225336000
14/08/17,000000,172.7700000,175.3000000,168.1300000,169.5000000,181219610
21/08/17,000000,169.7800000,182.2500000,168.5000000,180.5100000,277014960
28/08/17,000000,180.7500000,186.3300000,179.2000000,183.6600000,220506770
04/09/17,000000,181.8200000,187.4300000,180.9300000,185.8900000,199647000
11/09/17,000000,186.7000000,192.3100000,186.0000000,188.7500000,242503970
18/09/17,000000,189.5800000,190.3700000,182.6500000,187.5500000,199642330
25/09/17,000000,187.3300000,195.0000000,186.3700000,192.3300000,266439620
02/10/17,000000,192.7100000,196.4200000,189.0600000,194.1600000,192830100
09/10/17,000000,194.2200000,197.2900000,192.5800000,196.4800000,168715990
16/10/17,000000,197.5300000,198.5200000,191.8100000,192.9700000,165666730
23/10/17,000000,193.4300000,196.1800000,190.1300000,196.0500000,159728870
30/10/17,000000,196.3200000,197.7000000,192.3800000,193.8000000,162022280
06/11/17,000000,196.5000000,229.4000000,195.5600000,217.7000000,483320890
13/11/17,000000,217.8000000,228.5800000,215.7800000,225.6500000,292658100
20/11/17,000000,225.7000000,233.9500000,222.1500000,228.0000000,227632960
27/11/17,000000,228.3900000,231.5000000,220.7600000,221.5000000,184347810
04/12/17,000000,222.0000000,226.0000000,219.2300000,220.8900000,162523690
11/12/17,000000,221.4000000,230.5000000,220.5400000,226.5300000,233717430
18/12/17,000000,227.5000000,228.9000000,221.1200000,221.4400000,149889740
25/12/17,000000,222.2200000,227.2000000,221.0000000,225.2000000,96493020
01/01/18,000000,226.8800000,239.9500000,226.3500000,238.6000000,119582940
08/01/18,000000,239.0400000,243.7600000,235.2100000,237.7500000,166460220
15/01/18,000000,239.0300000,246.6900000,236.0100000,242.4500000,184648940
22/01/18,000000,242.9700000,251.6500000,241.4100000,247.0000000,190317810
29/01/18,000000,247.5000000,270.3000000,246.0000000,257.3200000,315944620
05/02/18,000000,254.9300000,264.3700000,244.1300000,250.1100000,303509660
12/02/18,000000,253.0000000,268.7700000,251.6700000,266.9900000,258267290
19/02/18,000000,267.0000000,279.5000000,264.7200000,277.4900000,169856090
26/02/18,000000,279.0000000,285.0000000,268.5600000,273.0000000,245194030
05/03/18,000000,273.7000000,281.5000000,270.1500000,274.6000000,150898360
12/03/18,000000,276.0500000,277.3000000,249.7600000,256.1500000,289826120
19/03/18,000000,257.8000000,271.8000000,250.0100000,262.0000000,276201030
26/03/18,000000,262.0200000,264.8700000,250.7500000,253.5700000,190043060
02/04/18,000000,253.6000000,262.8900000,245.3800000,256.7600000,243814500
09/04/18,000000,255.1000000,255.3000000,197.0000000,204.7000000,911006960
16/04/18,000000,199.3500000,222.2200000,191.5000000,215.3600000,733031350
23/04/18,000000,216.4800000,228.4300000,213.2200000,224.8700000,435250660
30/04/18,000000,224.5000000,232.7400000,221.5800000,228.5500000,206811780
07/05/18,000000,230.2000000,237.9500000,224.5000000,235.7200000,220151290
14/05/18,000000,236.2200000,237.8000000,222.2000000,222.2000000,261445850
21/05/18,000000,223.5500000,227.2700000,219.0000000,220.0000000,218158880
28/05/18,000000,219.4700000,224.3500000,217.1000000,220.0000000,210498410
04/06/18,000000,221.1400000,222.6700000,210.2500000,212.6000000,225652690
11/06/18,000000,212.5800000,217.4900000,207.9000000,209.3600000,205662640
18/06/18,000000,209.0000000,215.0000000,202.1100000,214.4300000,298911760
25/06/18,000000,204.5000000,218.3000000,198.5500000,218.0000000,315002820
02/07/18,000000,217.0100000,227.5900000,216.0000000,226.7100000,222571770
09/07/18,000000,228.5000000,232.2500000,224.8000000,229.8500000,230581270
16/07/18,000000,230.1000000,231.0000000,201.1000000,204.3400000,378930630
23/07/18,000000,205.4200000,216.5100000,205.2500000,208.9000000,303647640
30/07/18,000000,207.7700000,215.2000000,202.0000000,202.2100000,263016630
06/08/18,000000,201.8000000,207.9500000,182.0600000,186.1500000,528480050
13/08/18,000000,182.1600000,195.9800000,180.1500000,189.5500000,366397820
20/08/18,000000,190.9800000,193.9900000,172.8000000,180.3900000,436374490
27/08/18,000000,181.4800000,185.5700000,175.6100000,182.0000000,270138970
03/09/18,000000,181.7200000,182.8700000,173.8500000,174.9000000,249754030
10/09/18,000000,175.0500000,189.0400000,165.9000000,188.7100000,586678510
17/09/18,000000,190.0000000,197.7300000,186.5100000,193.4400000,453045180
24/09/18,000000,194.5000000,205.6700000,193.5900000,203.3200000,430671780
01/10/18,000000,204.5000000,205.9800000,185.0500000,187.2000000,400771440
08/10/18,000000,187.0500000,196.0400000,182.3000000,191.8500000,423491980
15/10/18,000000,192.5000000,198.8000000,183.8000000,183.8000000,342777280
22/10/18,000000,184.8400000,189.2500000,177.0200000,181.0000000,449918080
29/10/18,000000,180.6000000,192.9800000,178.6400000,192.6000000,335652860
05/11/18,000000,194.5100000,204.7000000,193.7300000,195.7500000,354640240
12/11/18,000000,197.9700000,203.5000000,193.1800000,199.2600000,372119610
19/11/18,000000,198.9500000,200.7000000,191.8100000,197.3000000,275761360
26/11/18,000000,197.5000000,197.7900000,185.5300000,194.0000000,415389000
03/12/18,000000,197.9900000,201.9000000,190.1100000,195.0100000,316962820
10/12/18,000000,192.7200000,193.9200000,183.7300000,184.9300000,283905400
17/12/18,000000,184.6500000,191.8200000,180.3700000,186.7900000,349346480
24/12/18,000000,186.1000000,187.4000000,179.0400000,186.3400000,193295940
31/12/18,000000,186.3700000,191.5000000,186.0000000,190.9900000,72642870
07/01/19,000000,191.6600000,198.9600000,190.3700000,196.8000000,229070500
14/01/19,000000,195.6800000,208.4400000,194.0000000,208.4400000,294017730
21/01/19,000000,208.9200000,214.1400000,205.6300000,212.0000000,323113340
28/01/19,000000,212.0000000,218.7000000,206.9100000,216.2900000,315090300
04/02/19,000000,216.2500000,218.5500000,208.7000000,210.4300000,254239020
11/02/19,000000,211.0000000,220.7000000,201.7000000,208.0000000,441904690
18/02/19,000000,208.7000000,209.7300000,201.1000000,205.2500000,323407480
25/02/19,000000,205.5000000,209.0000000,202.9000000,206.5400000,283815020
04/03/19,000000,207.0200000,207.5000000,202.2500000,203.9500000,176748330
11/03/19,000000,203.2000000,206.8900000,202.5600000,203.5500000,192531980
18/03/19,000000,204.2500000,212.2900000,204.1100000,207.7000000,260231340
25/03/19,000000,206.6600000,219.2500000,205.5500000,214.4200000,394307160
01/04/19,000000,215.0500000,227.7000000,215.0100000,227.5000000,322640440
08/04/19,000000,227.9000000,247.2300000,227.9000000,239.5000000,518415160
15/04/19,000000,240.3900000,242.3000000,230.8400000,232.6000000,272286600
22/04/19,000000,233.7000000,237.5600000,222.0800000,223.1800000,339486700
29/04/19,000000,223.7000000,233.0000000,223.0500000,232.5200000,196194790
06/05/19,000000,228.7200000,234.3400000,226.1100000,227.0000000,180837460
13/05/19,000000,226.6000000,231.4500000,224.1500000,226.9400000,253136450
20/05/19,000000,228.1000000,237.4000000,225.1000000,234.4500000,265501300
27/05/19,000000,235.2700000,237.4700000,229.2100000,233.2400000,242751310
03/06/19,000000,231.1800000,249.0000000,230.3500000,248.2800000,336689480
10/06/19,000000,249.5800000,250.6500000,232.5500000,238.8000000,255107320
17/06/19,000000,238.9100000,244.9900000,236.3600000,238.0200000,241528740
24/06/19,000000,239.0100000,242.4400000,234.2000000,238.5500000,187354020
01/07/19,000000,240.9800000,243.9000000,239.7000000,242.8300000,164931950
08/07/19,000000,242.2200000,245.5000000,236.3700000,237.0200000,177139110
15/07/19,000000,237.9000000,238.5900000,232.2500000,232.8500000,172048120
22/07/19,000000,232.9300000,234.6500000,228.5200000,230.5500000,160382720
29/07/19,000000,230.7000000,237.5500000,220.3000000,220.8100000,253540070
05/08/19,000000,219.7800000,227.6000000,219.4500000,220.6700000,209915490
12/08/19,000000,222.3800000,225.7500000,212.8800000,215.0500000,233924910
19/08/19,000000,217.0400000,223.1000000,214.0600000,219.5000000,217815280
26/08/19,000000,217.5400000,225.2000000,215.6100000,224.2000000,210500470
02/09/19,000000,224.0500000,231.2000000,222.0500000,229.0200000,217383540
09/09/19,000000,229.8800000,235.9000000,227.1000000,233.0000000,186939730
16/09/19,000000,234.9800000,237.2000000,230.7200000,232.0000000,200696590
23/09/19,000000,231.7100000,232.1700000,225.3000000,228.0500000,160189000
30/09/19,000000,228.5700000,229.5600000,221.8700000,222.7600000,172924270
07/10/19,000000,223.1700000,231.2000000,222.4100000,230.3100000,179884970
14/10/19,000000,230.2900000,236.0300000,227.0000000,235.5500000,193186400
21/10/19,000000,236.0200000,242.7800000,234.0400000,240.0000000,193379630
28/10/19,000000,240.5100000,242.3300000,232.8000000,236.4000000,223504160
04/11/19,000000,239.6000000,242.9500000,236.5200000,240.1700000,151752320
11/11/19,000000,239.0200000,243.7400000,235.8100000,240.0000000,158966780
18/11/19,000000,240.5900000,241.2300000,235.8000000,238.1300000,148339210
25/11/19,000000,238.6800000,239.7500000,231.9700000,233.9800000,143815110
02/12/19,000000,234.5900000,236.3700000,229.0300000,235.1400000,135571870
09/12/19,000000,235.4600000,243.2500000,234.3000000,241.2100000,181008170
16/12/19,000000,242.0200000,248.4000000,240.1300000,244.7100000,207864600
23/12/19,000000,244.7500000,252.9500000,244.0700000,252.0600000,97764870
30/12/19,000000,252.0900000,258.1900000,250.7300000,255.0000000,78956090
06/01/20,000000,254.7500000,261.7600000,251.4000000,258.1900000,120101920
13/01/20,000000,258.2100000,263.2200000,254.2100000,262.5000000,191392290
20/01/20,000000,263.2200000,270.8000000,261.8000000,265.4900000,179578470
27/01/20,000000,260.9900000,262.1000000,252.1700000,252.2000000,218206590
03/02/20,000000,251.8000000,258.0000000,248.7300000,254.3000000,246451020
10/02/20,000000,254.5500000,259.7700000,251.4000000,251.7500000,233412110
17/02/20,000000,252.5000000,253.1000000,247.2400000,250.8000000,146761600
24/02/20,000000,247.9800000,251.2100000,231.0000000,233.3600000,289109440
02/03/20,000000,238.5500000,241.0000000,216.6700000,219.9900000,400250580
09/03/20,000000,197.9900000,212.7400000,173.1400000,198.6000000,840854990
16/03/20,000000,194.0000000,204.7800000,172.1500000,195.6900000,869342810
23/03/20,000000,188.0000000,201.0000000,180.1700000,180.3800000,675141720
30/03/20,000000,177.0300000,189.9000000,174.9000000,185.6400000,502069960
06/04/20,000000,187.5200000,205.4400000,186.4200000,201.9900000,441885620
13/04/20,000000,201.9900000,202.8500000,183.5300000,191.8000000,399899690
20/04/20,000000,190.6000000,192.5000000,183.6500000,188.9100000,349243800
27/04/20,000000,189.9500000,199.7000000,188.1700000,197.2500000,278977490
04/05/20,000000,195.6800000,198.1500000,193.2600000,196.0200000,232439590
11/05/20,000000,193.3000000,198.0000000,183.3300000,183.8500000,270093960
18/05/20,000000,186.0600000,196.3100000,185.4000000,188.9000000,412050450
25/05/20,000000,189.6200000,205.0000000,188.8000000,200.5000000,441628500
